4243767290,0
4294967278,201
4294967279,202
4294967278,200
4294967278,351
4294967279,200
4294967278,198
4294967279,199
4294967294,6
4294967279,197
4294967278,132
4294967278,131
4294967278,130
4294967278,129
4294967278,128
4294967278,127
4294967278,126
4294967278,125
4294967278,124
4294967278,123
4294967278,122
4294967278,121
4294967278,120
4294967278,119
4294967278,118
4294967278,117
4294967278,116
4294967278,115
4294967278,114
4294967278,113
4294967278,112
4294967278,111
4294967278,110
4294967278,109
4294967278,108
4294967278,107
4294967278,106
4294967278,105
4294967278,104
4294967278,103
4294967278,102
4294967278,101
4294967278,100
4294967278,99
4294967278,98
4294967278,97
4294967278,96
4294967278,95
4294967278,94
4294967278,93
4294967278,92
4294967278,91
4294967278,90
4294967278,89
4294967278,87
4294967278,86
4294967278,85
4294967278,84
4294967278,83
4294967278,82
4294967278,81
4294967278,80
4294967278,79
4294967278,78
4294967278,77
4294967278,76
4294967278,75
4294967278,74
4294967278,73
4294967278,72
4294967278,71
4294967278,70
4294967278,69
4294967278,68
4294967278,67
4294967278,66
4294967278,65
4294967278,64
4294967278,63
4294967278,62
4294967278,61
4294967278,60
4294967278,59
4294967278,58
4294967278,57
4294967278,56
4294967278,55
4294967278,54
4294967278,53
4294967278,52
4294967278,51
4294967278,50
4294967278,49
4294967278,48
4294967278,47
4294967278,46
4294967278,45
4294967278,44
4294967278,43
4294967279,38
4294967279,36
4294967279,34
4294967279,30
4294967279,21
4294967279,18
4294967279,9
4294967279,8
4294967279,7
4294967279,6
4294967279,5
4294967279,4
4294967294,162
4294967294,161
4294967294,15
4294967294,11
4294967294,17
4294967294,99
4294967294,186
4294967294,469
4294967294,429
4294967294,1033
4294967294,1420
4294967294,1037
4294967278,350
4294967279,424
4294967278,349
4294967279,423
4294967278,348
4294967278,347
4294967279,193
4294967294,38
4294967294,440
4294967294,46
4294967294,1421
4294967294,2
4294967294,0
4294967294,390
4294967294,53
4294967294,1084
4294967294,1
4294967294,1051
4294967294,1083
4294967294,413
4294967294,28
4294967294,1052
4294967294,27
4294967294,1419
4294967294,26
4294967294,25
4294967294,90
4294967294,86
4294967294,84
4294967294,41
4294967294,43
4294967279,192
4294967279,422
4294967279,0
4294967279,191
4294967278,189
4294967278,188
4294967279,189
4294967294,94
4294967294,96
4294967278,187
23,7
4294967279,188
23,6
23,5
4294967279,187
23,4
23,3
23,2
23,1
4294967278,346
4294967294,9
4294967279,186
4294967294,8
0,7
4294967294,93
4294967294,95
4294967279,185
4294967279,421
4294967278,345
4294967278,174
4294967278,88
4294967279,183
4294967279,182
4294967279,306
4294967278,179
4294967279,180
4294967279,304
4294967279,178
4294967278,176
4294967279,177
4294967279,420
4294967294,61
4294967294,12
4294967294,67
4294967279,175
4294967279,419
4294967279,172
4294967278,344
4294967279,418
4294967279,16
4294967279,170
4294967278,343
4294967279,301
4294967278,167
4294967279,168
4294967279,299
4294967278,298
4294967279,298
4294967278,342
4294967279,417
4294967279,15
4294967278,341
4294967279,416
4294967278,158
4294967294,68
4294967279,159
4294967278,296
4294967279,157
4294967279,156
4294967278,154
0,5
4294967294,1418
4294967279,154
4294967294,7
4294967294,22
4294967293,131
4294967293,130
4294967293,129
4294967293,128
4294967293,127
4294967293,126
4294967293,125
4294967293,124
4294967293,123
4294967293,122
4294967293,121
4294967293,120
4294967293,119
4294967293,118
4294967293,117
4294967293,116
4294967293,115
4294967293,114
4294967293,113
4294967293,112
4294967293,111
4294967293,110
4294967293,109
4294967293,108
4294967293,107
4294967293,106
4294967293,105
4294967293,104
4294967293,103
4294967293,102
4294967293,101
4294967293,100
4294967293,99
4294967293,98
4294967293,97
4294967293,96
4294967293,95
4294967293,94
4294967293,93
4294967293,92
4294967293,91
4294967293,90
4294967293,89
4294967293,87
4294967293,86
4294967293,85
4294967293,84
4294967293,83
4294967293,82
4294967293,81
4294967293,80
4294967293,79
4294967293,78
4294967293,77
4294967293,76
4294967293,75
4294967293,74
4294967293,73
4294967293,72
4294967293,71
4294967293,70
4294967293,69
4294967293,68
4294967293,67
4294967293,66
4294967293,65
4294967293,64
4294967293,63
4294967293,62
4294967293,61
4294967293,60
4294967293,59
4294967293,58
4294967293,57
4294967293,56
4294967293,55
4294967293,54
4294967293,53
4294967293,52
4294967293,51
4294967293,50
4294967293,49
4294967293,48
4294967293,47
4294967293,46
4294967293,45
4294967293,44
